22
0 5.88233 5.42148 3.3482 10.9669 8.25805 7.31222 0.720279 11.7082 7.93106 25.7209 5.295 5.0708 5.30051 6.69123 1.41209 3.94285 3.35841 7.19462 6.60916 6.54622 2.24243 
5.88233 0 1.2919 4.48743 16.7559 14.104 13.0906 6.06684 17.1306 13.1973 31.5536 11.0748 10.893 11.1716 12.5138 6.59335 2.32261 4.69392 12.61 12.024 11.9468 4.10951 
5.42148 1.2919 0 4.83012 16.3883 13.4684 12.3961 5.74943 16.2338 12.2852 30.8569 10.4021 10.2571 10.5983 12.1122 5.88367 2.65 5.0362 11.7506 11.1724 11.0916 4.06912 
3.3482 4.48743 4.83012 0 12.8835 11.007 10.2404 2.96142 14.8749 11.2033 28.3306 8.29001 7.99656 8.04767 8.83362 4.72055 2.21054 0.208086 10.4247 9.85017 9.79409 1.42468 
10.9669 16.7559 16.3883 12.8835 0 4.40101 5.56853 10.6926 7.88265 8.08926 15.9632 6.77999 6.7041 6.13822 4.28118 10.7673 14.5686 12.7304 7.59095 7.74304 7.81589 12.6968 
8.25805 14.104 13.4684 11.007 4.40101 0 1.25936 8.2501 4.7976 3.71102 17.4628 3.07761 3.21461 2.98042 2.97015 7.58663 12.1815 10.9095 3.19355 3.3933 3.47242 10.37 
7.31222 13.0906 12.3961 10.2404 5.56853 1.25936 0 7.38505 4.89655 2.75065 18.4688 2.02062 2.25621 2.25204 3.17001 6.51814 11.2548 10.1608 2.07171 2.17479 2.24876 9.48815 
0.720279 6.06684 5.74943 2.96142 10.6926 8.2501 7.38505 0 11.9315 8.24224 25.6904 5.39431 5.12884 5.27001 6.44789 2.03961 3.96122 2.93232 7.4648 6.88914 6.83276 2.12059 
11.7082 17.1306 16.2338 14.8749 7.88265 4.7976 4.89655 11.9315 0 3.95046 15.2085 6.63163 6.9677 7.11922 7.75861 10.6258 15.5797 14.8199 4.53927 5.12957 5.20159 13.9487 
7.93106 13.1973 12.2852 11.2033 8.08926 3.71102 2.75065 8.24224 3.95046 0 18.9562 3.40828 3.7961 4.22966 5.82025 6.75694 11.7219 11.1718 0.896269 1.38405 1.42562 10.1686 
25.7209 31.5536 30.8569 28.3306 15.9632 17.4628 18.4688 25.6904 15.2085 18.9562 0 20.4799 20.6639 20.4301 19.5389 24.9862 29.6382 28.21 19.2795 19.821 19.9077 27.8099 
5.295 11.0748 10.4021 8.29001 6.77999 3.07761 2.02062 5.39431 6.63163 3.40828 20.4799 0 0.38833 0.960836 3.08812 4.51852 9.23782 8.222 2.51287 2.10238 2.10238 7.48431 
5.0708 10.893 10.2571 7.99656 6.7041 3.21461 2.25621 5.12884 6.9677 3.7961 20.6639 0.38833 0 0.664834 2.85246 4.38043 9.0102 7.92251 2.90043 2.48845 2.48652 7.23329 
5.30051 11.1716 10.5983 8.04767 6.13822 2.98042 2.25204 5.27001 7.11922 4.22966 20.4301 0.960836 0.664834 0 2.19155 4.76389 9.20829 7.95772 3.3384 2.9988 3.01052 7.39024 
6.69123 12.5138 12.1122 8.83362 4.28118 2.97015 3.17001 6.44789 7.75861 5.82025 19.5389 3.08812 2.85246 2.19155 0 6.51418 10.3712 8.70071 5.00649 4.84298 4.88083 8.49847 
1.41209 6.59335 5.88367 4.72055 10.7673 7.58663 6.51814 2.03961 10.6258 6.75694 24.9862 4.51852 4.38043 4.76389 6.51418 0 4.96517 4.74621 6.08658 5.49627 5.42485 3.49344 
3.94285 2.32261 2.65 2.21054 14.5686 12.1815 11.2548 3.96122 15.5797 11.7219 29.6382 9.23782 9.0102 9.20829 10.3712 4.96517 0 2.4186 11.0429 10.4528 10.3834 1.87361 
3.35841 4.69392 5.0362 0.208086 12.7304 10.9095 10.1608 2.93232 14.8199 11.1718 28.21 8.222 7.92251 7.95772 8.70071 4.74621 2.4186 0 10.385 9.81326 9.75865 1.54402 
7.19462 12.61 11.7506 10.4247 7.59095 3.19355 2.07171 7.4648 4.53927 0.896269 19.2795 2.51287 2.90043 3.3384 5.00649 6.08658 11.0429 10.385 0 0.590338 0.663702 9.437 
6.60916 12.024 11.1724 9.85017 7.74304 3.3933 2.17479 6.88914 5.12957 1.38405 19.821 2.10238 2.48845 2.9988 4.84298 5.49627 10.4528 9.81326 0.590338 0 0.0894414 8.85131 
6.54622 11.9468 11.0916 9.79409 7.81589 3.47242 2.24876 6.83276 5.20159 1.42562 19.9077 2.10238 2.48652 3.01052 4.88083 5.42485 10.3834 9.75865 0.663702 0.0894414 0 8.788 
2.24243 4.10951 4.06912 1.42468 12.6968 10.37 9.48815 2.12059 13.9487 10.1686 27.8099 7.48431 7.23329 7.39024 8.49847 3.49344 1.87361 1.54402 9.437 8.85131 8.788 0 
